100
99.9026
100.335
100.841
101.056
100.841
100.335
99.9026
100
99.9026
100.335
100.841
101.056
100.841
100.335
99.9026
100
99.9026
100.335
100.841
101.056
100.841
100.335
99.9026
100
99.9026
100.335
100.841
101.056
100.841
100.335
99.9026
100
99.9026
100.335
100.841
101.056
100.841
100.335
99.9026
100
99.9026
100.335
100.841
101.056
100.841
100.335
99.9026
100
99.9026
100.335
100.841
101.056
100.841
100.335
99.9026
100
99.9026
100.335
100.841
101.056
100.841
100.335
99.9026
100
99.9026
100.335
100.841
101.056
100.841
100.335
99.9026
100
99.9026
100.335
100.841
101.056
100.841
100.335
99.9026
100
99.9026
100.335
100.841
101.056
100.841
100.335
99.9026
100
99.9026
100.335
100.841
101.056
100.841
100.335
99.9026
100
99.9026
100.335
100.841
101.056
100.841
100.335
99.9026
100
99.3255
98.8555
97.9903
96.4993
94.7576
93.7811
95.0274
100
108.669
121.823
138.274
156.141
173.183
187.214
196.491
200
196.491
187.214
173.183
156.141
138.274
121.823
108.669
100
95.0274
93.7811
94.7576
96.4993
97.9903
98.8555
99.3255
100
99.9026
100.335
100.841
101.056
100.841
100.335
99.9026
100
99.9026
100.335
100.841
101.056
100.841
100.335
99.9026
100
99.9026
100.335
100.841
101.056
100.841
100.335
99.9026
100
99.9026
100.335
100.841
101.056
100.841
100.335
99.9026
100
99.9026
100.335
100.841
101.056
100.841
100.335
99.9026
100
99.9026
100.335
100.841
101.056
100.841
100.335
99.9026
100
99.9026
100.335
100.841
101.056
100.841
100.335
99.9026
100
99.9026
100.335
100.841
101.056
100.841
100.335
99.9026
100
99.9026
100.335
100.841
101.056
100.841
100.335
99.9026
100
99.9026
100.335
100.841
101.056
100.841
100.335
99.9026
100
99.9026
100.335
100.841
101.056
100.841
100.335
99.9026
100
99.9026
100.335
100.841
101.056
100.841
100.335
99.9026
100
99.9026
100.335
100.841
101.056
100.841
100.335
99.9026
100
99.9026
100.335
100.841
101.056
100.841
100.335
99.9026
100
99.9026
100.335
100.841
101.056
100.841
100.335
99.9026
