127.500
217.656
255.000
217.656
127.500
37.344
0.000
37.344
127.500
217.656
255.000
217.656
127.500
37.344
0.000
37.344
127.500
217.656
255.000
217.656
127.500
37.344
0.000
37.344
127.500
217.656
255.000
217.656
127.500
37.344
0.000
37.344
127.500
217.656
255.000
217.656
127.500
37.344
0.000
37.344
127.500
217.656
255.000
217.656
127.500
37.344
0.000
37.344
127.500
217.656
255.000
217.656
127.500
37.344
0.000
37.344
127.500
217.656
255.000
217.656
127.500
37.344
0.000
37.344
127.500
217.656
255.000
217.656
127.500
37.344
0.000
37.344
127.500
217.656
255.000
217.656
127.500
37.344
0.000
37.344
127.500
217.656
255.000
217.656
127.500
37.344
0.000
37.344
127.500
217.656
255.000
217.656
127.500
37.344
0.000
37.344
127.500
217.656
255.000
217.656
127.500
37.344
0.000
37.344
127.500
217.656
255.000
217.656
127.500
37.344
0.000
37.344
127.500
217.656
255.000
217.656
127.500
37.344
0.000
37.344
127.500
217.656
255.000
217.656
127.500
37.344
0.000
37.344