100
100.051
100.161
100.263
100.304
100.263
100.161
100.051
100
100.051
100.161
100.263
100.304
100.263
100.161
100.051
100
100.051
100.161
100.263
100.304
100.263
100.161
100.051
100
100.051
100.161
100.263
100.304
100.263
100.161
100.051
100
100.051
100.161
100.263
100.304
100.263
100.161
100.051
100
100.051
100.161
100.263
100.304
100.263
100.161
100.051
100
100.051
100.161
100.263
100.304
100.263
100.161
100.051
100
100.051
100.161
100.263
100.304
100.263
100.161
100.051
100
100.051
100.161
100.263
100.304
100.263
100.161
100.051
100
100.051
100.161
100.263
100.304
100.263
100.161
100.051
100
100.051
100.161
100.263
100.304
100.263
100.161
100.051
100
100.043
100.104
100.089
99.958
99.749
99.5778
99.6086
100
100.825
101.98
103.224
104.234
104.657
104.187
102.636
100
96.4843
92.4759
88.5882
85.6334
84.5286
86.1563
91.2026
100
112.392
127.643
144.538
161.543
176.996
189.328
197.266
200
197.266
189.328
176.996
161.543
144.538
127.643
112.392
100
91.2026
86.1563
84.5286
85.6334
88.5882
92.4759
96.4843
100
102.636
104.187
104.657
104.234
103.224
101.98
100.825
100
99.6086
99.5778
99.749
99.958
100.089
100.104
100.043
100
100.051
100.161
100.263
100.304
100.263
100.161
100.051
100
100.051
100.161
100.263
100.304
100.263
100.161
100.051
100
100.051
100.161
100.263
100.304
100.263
100.161
100.051
100
100.051
100.161
100.263
100.304
100.263
100.161
100.051
100
100.051
100.161
100.263
100.304
100.263
100.161
100.051
100
100.051
100.161
100.263
100.304
100.263
100.161
100.051
100
100.051
100.161
100.263
100.304
100.263
100.161
100.051
100
100.051
100.161
100.263
100.304
100.263
100.161
100.051
100
100.051
100.161
100.263
100.304
100.263
100.161
100.051
100
100.051
100.161
100.263
100.304
100.263
100.161
100.051
100
100.051
100.161
100.263
100.304
100.263
100.161
100.051
100
100.051
100.161
100.263
100.304
100.263
100.161
100.051
100
100.051
100.161
100.263
100.304
100.263
100.161
100.051
