100
100.412
101.305
102.132
102.462
102.132
101.305
100.412
100
100.412
101.305
102.132
102.462
102.132
101.305
100.412
100
100.412
101.305
102.132
102.462
102.132
101.305
100.412
100
100.412
101.305
102.132
102.462
102.132
101.305
100.412
100
100.412
101.305
102.132
102.462
102.132
101.305
100.412
100
100.412
101.305
102.132
102.462
102.132
101.305
100.412
100
100.412
101.305
102.132
102.462
102.132
101.305
100.412
100
100.412
101.305
102.132
102.462
102.132
101.305
100.412
100
100.412
101.305
102.132
102.462
102.132
101.305
100.412
100
100.412
101.305
102.132
102.462
102.132
101.305
100.412
100
100.412
101.305
102.132
102.462
102.132
101.305
100.412
100
100.412
101.305
102.132
102.462
102.132
101.305
100.412
100
100.412
101.305
102.132
102.462
102.132
101.305
100.412
100
100.349
100.816
100.608
99.3547
97.3798
95.7474
96.0542
100
108.73
122.053
138.729
156.801
173.946
187.91
196.925
200
196.925
187.91
173.946
156.801
138.729
122.053
108.73
100
96.0542
95.7474
97.3798
99.3547
100.608
100.816
100.349
100
100.412
101.305
102.132
102.462
102.132
101.305
100.412
100
100.412
101.305
102.132
102.462
102.132
101.305
100.412
100
100.412
101.305
102.132
102.462
102.132
101.305
100.412
100
100.412
101.305
102.132
102.462
102.132
101.305
100.412
100
100.412
101.305
102.132
102.462
102.132
101.305
100.412
100
100.412
101.305
102.132
102.462
102.132
101.305
100.412
100
100.412
101.305
102.132
102.462
102.132
101.305
100.412
100
100.412
101.305
102.132
102.462
102.132
101.305
100.412
100
100.412
101.305
102.132
102.462
102.132
101.305
100.412
100
100.412
101.305
102.132
102.462
102.132
101.305
100.412
100
100.412
101.305
102.132
102.462
102.132
101.305
100.412
100
100.412
101.305
102.132
102.462
102.132
101.305
100.412
100
100.412
101.305
102.132
102.462
102.132
101.305
100.412
100
100.412
101.305
102.132
102.462
102.132
101.305
100.412
100
100.412
101.305
102.132
102.462
102.132
101.305
100.412
