100
99.8793
99.618
99.3763
99.28
99.3763
99.618
99.8793
100
99.8793
99.618
99.3763
99.28
99.3763
99.618
99.8793
100
99.8793
99.618
99.3763
99.28
99.3763
99.618
99.8793
100
99.8793
99.618
99.3763
99.28
99.3763
99.618
99.8793
100
99.8793
99.618
99.3763
99.28
99.3763
99.618
99.8793
100
99.8793
99.618
99.3763
99.28
99.3763
99.618
99.8793
100
99.8793
99.618
99.3763
99.28
99.3763
99.618
99.8793
100
99.8793
99.618
99.3763
99.28
99.3763
99.618
99.8793
100
99.8793
99.618
99.3763
99.28
99.3763
99.618
99.8793
100
99.8793
99.618
99.3763
99.28
99.3763
99.618
99.8793
100
99.8793
99.618
99.3763
99.28
99.3763
99.618
99.8793
100
99.8793
99.618
99.3763
99.28
99.3763
99.618
99.8793
100
99.8975
99.7575
99.8027
100.133
100.656
101.083
101.001
100
97.8741
94.8516
91.5088
88.6697
87.2867
88.2847
92.3937
100
111.077
125.234
141.567
158.677
174.813
188.116
196.912
200
196.912
188.116
174.813
158.677
141.567
125.234
111.077
100
92.3937
88.2847
87.2867
88.6697
91.5088
94.8516
97.8741
100
101.001
101.083
100.656
100.133
99.8027
99.7575
99.8975
100
99.8793
99.618
99.3763
99.28
99.3763
99.618
99.8793
100
99.8793
99.618
99.3763
99.28
99.3763
99.618
99.8793
100
99.8793
99.618
99.3763
99.28
99.3763
99.618
99.8793
100
99.8793
99.618
99.3763
99.28
99.3763
99.618
99.8793
100
99.8793
99.618
99.3763
99.28
99.3763
99.618
99.8793
100
99.8793
99.618
99.3763
99.28
99.3763
99.618
99.8793
100
99.8793
99.618
99.3763
99.28
99.3763
99.618
99.8793
100
99.8793
99.618
99.3763
99.28
99.3763
99.618
99.8793
100
99.8793
99.618
99.3763
99.28
99.3763
99.618
99.8793
100
99.8793
99.618
99.3763
99.28
99.3763
99.618
99.8793
100
99.8793
99.618
99.3763
99.28
99.3763
99.618
99.8793
100
99.8793
99.618
99.3763
99.28
99.3763
99.618
99.8793
100
99.8793
99.618
99.3763
99.28
99.3763
99.618
99.8793
100
99.8793
99.618
99.3763
99.28
99.3763
99.618
99.8793
