100
100.319
101.007
101.642
101.895
101.642
101.007
100.319
100
100.319
101.007
101.642
101.895
101.642
101.007
100.319
100
100.319
101.007
101.642
101.895
101.642
101.007
100.319
100
100.319
101.007
101.642
101.895
101.642
101.007
100.319
100
100.319
101.007
101.642
101.895
101.642
101.007
100.319
100
100.319
101.007
101.642
101.895
101.642
101.007
100.319
100
100.319
101.007
101.642
101.895
101.642
101.007
100.319
100
100.319
101.007
101.642
101.895
101.642
101.007
100.319
100
100.319
101.007
101.642
101.895
101.642
101.007
100.319
100
100.319
101.007
101.642
101.895
101.642
101.007
100.319
100
100.319
101.007
101.642
101.895
101.642
101.007
100.319
100
100.319
101.007
101.642
101.895
101.642
101.007
100.319
100
100.319
101.007
101.642
101.895
101.642
101.007
100.319
100
99.8885
99.2166
97.7032
95.5265
93.4086
92.5346
94.3093
100
110.253
124.542
141.492
159.211
175.606
188.742
197.143
200
197.143
188.742
175.606
159.211
141.492
124.542
110.253
100
94.3093
92.5346
93.4086
95.5265
97.7032
99.2166
99.8885
100
100.319
101.007
101.642
101.895
101.642
101.007
100.319
100
100.319
101.007
101.642
101.895
101.642
101.007
100.319
100
100.319
101.007
101.642
101.895
101.642
101.007
100.319
100
100.319
101.007
101.642
101.895
101.642
101.007
100.319
100
100.319
101.007
101.642
101.895
101.642
101.007
100.319
100
100.319
101.007
101.642
101.895
101.642
101.007
100.319
100
100.319
101.007
101.642
101.895
101.642
101.007
100.319
100
100.319
101.007
101.642
101.895
101.642
101.007
100.319
100
100.319
101.007
101.642
101.895
101.642
101.007
100.319
100
100.319
101.007
101.642
101.895
101.642
101.007
100.319
100
100.319
101.007
101.642
101.895
101.642
101.007
100.319
100
100.319
101.007
101.642
101.895
101.642
101.007
100.319
100
100.319
101.007
101.642
101.895
101.642
101.007
100.319
100
100.319
101.007
101.642
101.895
101.642
101.007
100.319
100
100.319
101.007
101.642
101.895
101.642
101.007
100.319
