2 256
1 0
0.995184727 0
0.98078528 0
0.956940336 0
0.923879533 0
0.881921264 0
0.831469612 0
0.773010453 0
0.707106781 0
0.634393284 0
0.555570233 0
0.471396737 0
0.382683432 0
0.290284677 0
0.195090322 0
0.09801714 0
6.12574E-17 0
-0.09801714 0
-0.195090322 0
-0.290284677 0
-0.382683432 0
-0.471396737 0
-0.555570233 0
-0.634393284 0
-0.707106781 0
-0.773010453 0
-0.831469612 0
-0.881921264 0
-0.923879533 0
-0.956940336 0
-0.98078528 0
-0.995184727 0
-1 0
-0.995184727 0
-0.98078528 0
-0.956940336 0
-0.923879533 0
-0.881921264 0
-0.831469612 0
-0.773010453 0
-0.707106781 0
-0.634393284 0
-0.555570233 0
-0.471396737 0
-0.382683432 0
-0.290284677 0
-0.195090322 0
-0.09801714 0
-1.83772E-16 0
0.09801714 0
0.195090322 0
0.290284677 0
0.382683432 0
0.471396737 0
0.555570233 0
0.634393284 0
0.707106781 0
0.773010453 0
0.831469612 0
0.881921264 0
0.923879533 0
0.956940336 0
0.98078528 0
0.995184727 0
1 0
0.995184727 0
0.98078528 0
0.956940336 0
0.923879533 0
0.881921264 0
0.831469612 0
0.773010453 0
0.707106781 0
0.634393284 0
0.555570233 0
0.471396737 0
0.382683432 0
0.290284677 0
0.195090322 0
0.09801714 0
3.06287E-16 0
-0.09801714 0
-0.195090322 0
-0.290284677 0
-0.382683432 0
-0.471396737 0
-0.555570233 0
-0.634393284 0
-0.707106781 0
-0.773010453 0
-0.831469612 0
-0.881921264 0
-0.923879533 0
-0.956940336 0
-0.98078528 0
-0.995184727 0
-1 0
-0.995184727 0
-0.98078528 0
-0.956940336 0
-0.923879533 0
-0.881921264 0
-0.831469612 0
-0.773010453 0
-0.707106781 0
-0.634393284 0
-0.555570233 0
-0.471396737 0
-0.382683432 0
-0.290284677 0
-0.195090322 0
-0.09801714 0
-4.28802E-16 0
0.09801714 0
0.195090322 0
0.290284677 0
0.382683432 0
0.471396737 0
0.555570233 0
0.634393284 0
0.707106781 0
0.773010453 0
0.831469612 0
0.881921264 0
0.923879533 0
0.956940336 0
0.98078528 0
0.995184727 0
1 0
0.995184727 0
0.98078528 0
0.956940336 0
0.923879533 0
0.881921264 0
0.831469612 0
0.773010453 0
0.707106781 0
0.634393284 0
0.555570233 0
0.471396737 0
0.382683432 0
0.290284677 0
0.195090322 0
0.09801714 0
5.51317E-16 0
-0.09801714 0
-0.195090322 0
-0.290284677 0
-0.382683432 0
-0.471396737 0
-0.555570233 0
-0.634393284 0
-0.707106781 0
-0.773010453 0
-0.831469612 0
-0.881921264 0
-0.923879533 0
-0.956940336 0
-0.98078528 0
-0.995184727 0
-1 0
-0.995184727 0
-0.98078528 0
-0.956940336 0
-0.923879533 0
-0.881921264 0
-0.831469612 0
-0.773010453 0
-0.707106781 0
-0.634393284 0
-0.555570233 0
-0.471396737 0
-0.382683432 0
-0.290284677 0
-0.195090322 0
-0.09801714 0
-2.45019E-15 0
0.09801714 0
0.195090322 0
0.290284677 0
0.382683432 0
0.471396737 0
0.555570233 0
0.634393284 0
0.707106781 0
0.773010453 0
0.831469612 0
0.881921264 0
0.923879533 0
0.956940336 0
0.98078528 0
0.995184727 0
1 0
0.995184727 0
0.98078528 0
0.956940336 0
0.923879533 0
0.881921264 0
0.831469612 0
0.773010453 0
0.707106781 0
0.634393284 0
0.555570233 0
0.471396737 0
0.382683432 0
0.290284677 0
0.195090322 0
0.09801714 0
-9.8001E-16 0
-0.09801714 0
-0.195090322 0
-0.290284677 0
-0.382683432 0
-0.471396737 0
-0.555570233 0
-0.634393284 0
-0.707106781 0
-0.773010453 0
-0.831469612 0
-0.881921264 0
-0.923879533 0
-0.956940336 0
-0.98078528 0
-0.995184727 0
-1 0
-0.995184727 0
-0.98078528 0
-0.956940336 0
-0.923879533 0
-0.881921264 0
-0.831469612 0
-0.773010453 0
-0.707106781 0
-0.634393284 0
-0.555570233 0
-0.471396737 0
-0.382683432 0
-0.290284677 0
-0.195090322 0
-0.09801714 0
-2.69522E-15 0
0.09801714 0
0.195090322 0
0.290284677 0
0.382683432 0
0.471396737 0
0.555570233 0
0.634393284 0
0.707106781 0
0.773010453 0
0.831469612 0
0.881921264 0
0.923879533 0
0.956940336 0
0.98078528 0
0.995184727 0