2 256
16.000000 0.000000
-14.611877 -6.263602
10.752344 11.293540
-5.259050 -14.148245
-0.707108 14.393490
5.947354 -12.185445
-9.509602 8.203039
10.897644 -3.452358
-10.153170 -0.999999
7.795495 4.290593
-4.643385 -5.949947
1.574617 5.974195
0.707107 -4.766926
-1.834633 2.977421
1.830094 -1.288898
-1.042726 0.220747
0.000000 0.000000
0.776729 0.532896
-0.934429 -1.475626
0.381967 2.373928
0.707108 -2.822928
-1.975411 2.596324
3.013937 -1.707373
-3.499965 0.388137
3.296557 1.000002
-2.484931 -2.090889
1.324227 2.630793
-0.156728 -2.551116
-0.707109 1.976228
1.085252 -1.168248
-0.972096 0.430897
0.525358 -0.006444
0.000000 0.000000
-0.345810 -0.354404
0.339861 0.881058
0.049106 -1.333224
-0.707108 1.495051
1.420113 -1.255718
-1.951129 0.644565
2.121795 0.182719
-1.870868 -1.000001
1.270994 1.588058
-0.499921 -1.806485
-0.222227 1.636232
0.707107 -1.179736
-0.858320 0.620393
0.697919 -0.156723
-0.351707 -0.065482
0.000000 0.000000
0.188053 0.289058
-0.113622 -0.654818
-0.219135 0.922736
0.707106 -0.953424
-1.186381 0.691446
1.490384 -0.183824
-1.507502 -0.437163
1.218507 0.999996
-0.701570 -1.352190
0.104060 1.410616
0.408325 -1.186936
-0.707101 0.780178
0.742144 -0.339937
-0.554815 0.013629
0.259381 0.103718
0.000000 0.000000
-0.101212 -0.253087
-0.012967 0.528228
0.315777 -0.689420
-0.707106 0.640884
1.049533 -0.361064
-1.216805 -0.089756
1.137769 0.590314
-0.820679 -0.999999
0.349885 1.206520
0.143455 -1.163106
-0.526083 0.902656
0.707106 -0.524426
-0.666952 0.158391
0.461174 0.080021
-0.198316 -0.129018
0.000000 0.000000
0.042601 0.228810
0.099243 -0.441952
-0.382274 0.528881
0.707106 -0.423824
-0.953623 0.129518
1.023360 0.283201
-0.874057 -0.699547
0.534511 0.999999
-0.094801 -1.100861
-0.324447 0.982116
0.612879 -0.693114
-0.707107 0.334436
0.610662 -0.022492
-0.390546 -0.150651
0.151920 0.148238
0.000000 0.000000
0.002578 -0.210096
-0.166216 0.374979
0.434251 -0.403399
-0.707106 0.253007
0.877642 0.053919
-0.869096 -0.437466
0.662390 0.787223
-0.303347 -1.000000
-0.112558 1.014971
0.472494 -0.834069
-0.684313 0.520658
0.707107 -0.177121
-0.563771 -0.090712
0.331363 0.209833
-0.112815 -0.164435
0.000000 0.000000
-0.041100 0.194140
0.223645 -0.317552
-0.479072 0.295195
0.707108 -0.104889
-0.811395 -0.213860
0.733858 0.572709
-0.475819 -0.864508
0.098491 1.000005
0.297301 -0.938454
-0.605097 0.701475
0.748637 -0.365387
-0.707116 0.034738
0.521120 0.193706
-0.277248 -0.263963
0.076875 0.179334
0.000000 0.000000
0.076870 -0.179324
-0.277241 0.263955
0.521111 -0.193702
-0.707107 -0.034738
0.748629 0.365384
-0.605093 -0.701470
0.297299 0.938449
0.098491 -1.000000
-0.475817 0.864504
0.733856 -0.572707
-0.811393 0.213859
0.707107 0.104889
-0.479071 -0.295195
0.223645 0.317551
-0.041100 -0.194140
0.000000 0.000000
-0.112815 0.164435
0.331363 -0.209833
-0.563771 0.090712
0.707107 0.177121
-0.684313 -0.520658
0.472495 0.834068
-0.112559 -1.014971
-0.303346 1.000000
0.662390 -0.787224
-0.869096 0.437467
0.877643 -0.053920
-0.707108 -0.253006
0.434253 0.403399
-0.166218 -0.374980
0.002580 0.210097
0.000000 0.000000
0.151920 -0.148237
-0.390546 0.150650
0.610661 0.022492
-0.707107 -0.334436
0.612879 0.693114
-0.324447 -0.982115
-0.094800 1.100862
0.534510 -1.000000
-0.874057 0.699548
1.023360 -0.283203
-0.953624 -0.129517
0.707107 0.423823
-0.382275 -0.528881
0.099243 0.441952
0.042602 -0.228810
0.000000 0.000000
-0.198316 0.129019
0.461175 -0.080021
-0.666952 -0.158391
0.707106 0.524427
-0.526083 -0.902657
0.143454 1.163108
0.349887 -1.206521
-0.820681 0.999998
1.137771 -0.590311
-1.216806 0.089753
1.049532 0.361069
-0.707102 -0.640889
0.315771 0.689423
-0.012958 -0.528229
-0.101220 0.253084
0.000000 0.000000
0.259377 -0.103727
-0.554816 -0.013620
0.742148 0.339929
-0.707107 -0.780172
0.408333 1.186934
0.104052 -1.410617
-0.701564 1.352193
1.218503 -1.000002
-1.507501 0.437169
1.490385 0.183820
-1.186383 -0.691443
0.707108 0.953423
-0.219136 -0.922736
-0.113622 0.654818
0.188054 -0.289059
0.000000 0.000000
-0.351707 0.065483
0.697919 0.156722
-0.858321 -0.620393
0.707108 1.179736
-0.222228 -1.636232
-0.499920 1.806485
1.270993 -1.588058
-1.870867 1.000001
2.121794 -0.182720
-1.951128 -0.644564
1.420112 1.255716
-0.707108 -1.495049
0.049108 1.333222
0.339858 -0.881056
-0.345806 0.354404
0.000000 0.000000
0.525361 0.006448
-0.972097 -0.430901
1.085251 1.168252
-0.707106 -1.976231
-0.156732 2.551118
1.324230 -2.630793
-2.484934 2.090887
3.296558 -0.999999
-3.499965 -0.388139
3.013937 1.707374
-1.975409 -2.596325
0.707106 2.822928
0.381969 -2.373928
-0.934431 1.475626
0.776731 -0.532896
0.000000 0.000000
-1.042725 -0.220747
1.830093 1.288897
-1.834632 -2.977422
0.707106 4.766927
1.574619 -5.974196
-4.643386 5.949947
7.795496 -4.290593
-10.153172 0.999998
10.897643 3.452360
-9.509602 -8.203042
5.947351 12.185447
-0.707103 -14.393489
-5.259055 14.148245
10.752348 -11.293537
-14.611879 6.263597
