2 256
16.000000 0.000000
-15.896591 0.195089
15.588795 -0.382682
-15.083826 0.555570
14.393490 -0.707106
-13.533838 0.831468
12.524730 -0.923879
-11.389270 0.980785
10.153170 -1.000001
-8.844036 0.980786
7.490617 -0.923880
-6.122017 0.831469
4.766927 -0.707106
-3.452863 0.555570
2.205461 -0.382683
-1.047830 0.195090
0.000000 0.000000
0.921534 -0.195090
-1.704166 0.382683
2.339396 -0.555570
-2.822927 0.707106
3.154647 -0.831468
-3.338470 0.923878
3.382079 -0.980784
-3.296556 0.999998
3.095925 -0.980783
-2.796621 0.923877
2.416901 -0.831467
-1.976228 0.707104
1.494629 -0.555568
-0.992066 0.382681
0.487834 -0.195088
0.000000 0.000000
-0.455111 0.195090
0.863320 -0.382683
-1.212946 0.555570
1.495052 -0.707106
-1.703586 0.831469
1.835433 -0.923878
-1.890359 0.980784
1.870868 -0.999999
-1.781969 0.980784
1.630875 -0.923879
-1.426638 0.831469
1.179736 -0.707106
-0.901634 0.555570
0.604324 -0.382684
-0.299876 0.195091
0.000000 0.000000
0.284356 -0.195090
-0.543369 0.382684
0.768637 -0.555571
-0.953424 0.707108
1.092821 -0.831471
-1.183844 0.923882
1.225455 -0.980788
-1.218507 1.000004
1.165627 -0.980789
-1.071037 0.923884
0.940327 -0.831475
-0.780178 0.707113
0.598067 -0.555577
-0.401951 0.382690
0.199945 -0.195097
0.000000 0.000000
-0.190360 0.195090
0.364345 -0.382684
-0.516098 0.555571
0.640884 -0.707107
-0.735218 0.831471
0.796944 -0.923881
-0.825258 0.980787
0.820679 -1.000001
-0.784967 0.980787
0.721003 -0.923881
-0.632622 0.831471
0.524426 -0.707108
-0.401566 0.555571
0.269516 -0.382684
-0.133847 0.195091
0.000000 0.000000
0.126920 -0.195091
-0.242332 0.382684
0.342332 -0.555571
-0.423824 0.707108
0.484595 -0.831471
-0.523371 0.923881
0.539819 -0.980786
-0.534511 1.000001
0.508866 -0.980786
-0.465042 0.923880
0.405815 -0.831470
-0.334436 0.707106
0.254470 -0.555570
-0.169632 0.382682
0.083628 -0.195089
0.000000 0.000000
-0.078018 0.195091
0.147617 -0.382684
-0.206511 0.555571
0.253007 -0.707107
-0.286045 0.831470
0.305209 -0.923880
-0.310712 0.980786
0.303347 -1.000000
-0.284423 0.980785
0.255672 -0.923880
-0.219150 0.831470
0.177121 -0.707107
-0.131940 0.555570
0.085935 -0.382683
-0.041301 0.195090
0.000000 0.000000
0.036323 -0.195090
-0.066402 0.382683
0.089392 -0.555569
-0.104889 0.707105
0.112927 -0.831467
-0.113949 0.923876
0.108767 -0.980781
-0.098491 0.999995
0.084460 -0.980779
-0.068149 0.923873
0.051082 -0.831462
-0.034738 0.707098
0.020463 -0.555560
-0.009394 0.382673
0.002394 -0.195079
0.000000 0.000000
0.002394 0.195090
-0.009394 -0.382683
0.020463 0.555570
-0.034738 -0.707107
0.051083 0.831470
-0.068150 -0.923880
0.084460 0.980785
-0.098492 -1.000000
0.108767 0.980785
-0.113950 -0.923879
0.112927 0.831470
-0.104889 -0.707107
0.089392 0.555570
-0.066402 -0.382684
0.036323 0.195091
0.000000 0.000000
-0.041301 -0.195090
0.085934 0.382683
-0.131939 -0.555570
0.177121 0.707107
-0.219150 -0.831469
0.255672 0.923879
-0.284422 -0.980785
0.303346 1.000000
-0.310711 -0.980785
0.305208 0.923879
-0.286044 -0.831469
0.253006 0.707106
-0.206510 -0.555569
0.147616 0.382682
-0.078017 -0.195089
0.000000 0.000000
0.083628 0.195090
-0.169632 -0.382684
0.254470 0.555570
-0.334436 -0.707107
0.405815 0.831470
-0.465041 -0.923880
0.508865 0.980785
-0.534511 -1.000000
0.539818 0.980785
-0.523371 -0.923879
0.484595 0.831470
-0.423823 -0.707107
0.342332 0.555571
-0.242332 -0.382684
0.126920 0.195091
0.000000 0.000000
-0.133847 -0.195090
0.269516 0.382683
-0.401566 -0.555570
0.524427 0.707107
-0.632623 -0.831470
0.721004 0.923880
-0.784969 -0.980787
0.820681 1.000002
-0.825261 -0.980788
0.796948 0.923883
-0.735222 -0.831473
0.640889 0.707111
-0.516104 -0.555575
0.364351 0.382689
-0.190367 -0.195097
0.000000 0.000000
0.199938 0.195090
-0.401945 -0.382683
0.598061 0.555570
-0.780172 -0.707106
0.940322 0.831469
-1.071033 -0.923878
1.165623 0.980784
-1.218503 -0.999999
1.225452 0.980784
-1.183842 -0.923878
1.092819 0.831468
-0.953423 -0.707106
0.768637 0.555570
-0.543369 -0.382683
0.284357 0.195090
0.000000 0.000000
-0.299875 -0.195090
0.604323 0.382683
-0.901633 -0.555569
1.179736 0.707106
-1.426638 -0.831468
1.630875 0.923878
-1.781968 -0.980784
1.870867 0.999999
-1.890358 -0.980784
1.835432 0.923878
-1.703584 -0.831468
1.495049 0.707106
-1.212943 -0.555569
0.863317 0.382682
-0.455108 -0.195089
0.000000 0.000000
0.487838 0.195090
-0.992070 -0.382684
1.494632 0.555570
-1.976231 -0.707107
2.416904 0.831470
-2.796624 -0.923880
3.095928 0.980786
-3.296558 -1.000001
3.382081 0.980786
-3.338471 -0.923880
3.154649 0.831470
-2.822929 -0.707108
2.339397 0.555571
-1.704168 -0.382684
0.921536 0.195091
0.000000 0.000000
-1.047827 -0.195090
2.205459 0.382684
-3.452862 -0.555571
4.766926 0.707108
-6.122016 -0.831471
7.490616 0.923881
-8.844038 -0.980787
10.153172 1.000002
-11.389271 -0.980788
12.524731 0.923882
-13.533836 -0.831473
14.393489 0.707111
-15.083826 -0.555575
15.588793 0.382689
-15.896591 -0.195096
