2 256
32.000000 0.000000
-31.182285 -0.382686
28.804338 0.707108
-25.083487 -0.923881
20.355469 1.000001
-15.037995 -0.923882
9.586014 0.707107
-4.443873 -0.382683
0.000000 0.000000
3.450771 0.382683
-5.733070 -0.707106
6.802421 0.923879
-6.741452 -1.000000
5.741899 0.923880
-4.075155 -0.707108
2.055386 0.382684
0.000000 0.000000
-1.807654 -0.382684
3.148889 0.707108
-3.890273 -0.923881
3.992223 1.000001
-3.505257 -0.923881
2.555155 0.707108
-1.319622 -0.382684
0.000000 0.000000
1.207970 0.382684
-2.140440 -0.707108
2.685516 0.923882
-2.794808 -1.000003
2.485476 0.923884
-1.833099 -0.707111
0.956921 0.382687
0.000000 0.000000
-0.892733 -0.382684
1.595207 0.707108
-2.017055 -0.923881
2.114322 1.000001
-1.892923 -0.923881
1.404780 0.707108
-0.737582 -0.382684
0.000000 0.000000
0.695289 0.382684
-1.248217 -0.707107
1.585195 0.923880
-1.668399 -1.000001
1.499361 0.923880
-1.116643 -0.707107
0.588226 0.382684
0.000000 0.000000
-0.557785 -0.382683
1.004015 0.707106
-1.278198 -0.923878
1.348345 0.999998
-1.214278 -0.923878
0.906075 0.707105
-0.478149 -0.382682
0.000000 0.000000
0.454805 0.382682
-0.819736 -0.707103
1.044835 0.923873
-1.103337 -0.999991
0.994549 0.923869
-0.742709 -0.707094
0.392207 0.382670
0.000000 0.000000
-0.373405 -0.382683
0.673221 0.707106
-0.858240 -0.923878
0.906347 0.999999
-0.816931 -0.923878
0.609955 0.707106
-0.322000 -0.382683
0.000000 0.000000
0.306279 0.382683
-0.551831 -0.707106
0.702932 0.923878
-0.741650 -0.999998
0.667779 0.923878
-0.498001 -0.707106
0.262550 0.382683
0.000000 0.000000
-0.248963 -0.382683
0.447771 0.707105
-0.569278 -0.923878
0.599377 0.999998
-0.538453 -0.923878
0.400571 0.707106
-0.210627 -0.382683
0.000000 0.000000
0.198550 0.382683
-0.355928 -0.707106
0.450918 0.923879
-0.472964 -1.000000
0.423167 0.923881
-0.313438 -0.707109
0.164042 0.382686
0.000000 0.000000
-0.153038 -0.382683
0.272762 0.707106
-0.343416 -0.923879
0.357806 0.999999
-0.317836 -0.923879
0.233597 0.707106
-0.121234 -0.382683
0.000000 0.000000
0.110976 0.382683
-0.195683 -0.707107
0.243507 0.923880
-0.250487 -1.000000
0.219407 0.923880
-0.158786 -0.707108
0.081015 0.382684
0.000000 0.000000
-0.071250 -0.382684
0.122695 0.707108
-0.148653 -0.923881
0.148336 1.000002
-0.125478 -0.923882
0.087213 0.707109
-0.042439 -0.382685
0.000000 0.000000
0.032955 0.382686
-0.052159 -0.707112
0.056759 0.923888
-0.049127 -1.000013
0.034028 0.923896
-0.017358 -0.707127
0.004697 0.382706
0.000000 0.000000
0.004697 -0.382683
-0.017359 0.707107
0.034029 -0.923879
-0.049128 1.000000
0.056760 -0.923880
-0.052159 0.707107
0.032955 -0.382683
0.000000 0.000000
-0.042439 0.382683
0.087214 -0.707107
-0.125478 0.923879
0.148336 -1.000000
-0.148654 0.923880
0.122694 -0.707107
-0.071250 0.382684
0.000000 0.000000
0.081015 -0.382683
-0.158786 0.707107
0.219407 -0.923879
-0.250487 1.000000
0.243506 -0.923879
-0.195683 0.707107
0.110976 -0.382684
0.000000 0.000000
-0.121233 0.382684
0.233596 -0.707107
-0.317835 0.923880
0.357805 -1.000001
-0.343415 0.923881
0.272760 -0.707109
-0.153037 0.382686
0.000000 0.000000
0.164043 -0.382683
-0.313438 0.707106
0.423168 -0.923879
-0.472965 1.000000
0.450918 -0.923879
-0.355927 0.707107
0.198549 -0.382683
0.000000 0.000000
-0.210627 0.382683
0.400571 -0.707107
-0.538453 0.923880
0.599377 -1.000000
-0.569278 0.923880
0.447770 -0.707107
-0.248963 0.382684
0.000000 0.000000
0.262551 -0.382683
-0.498001 0.707106
0.667780 -0.923879
-0.741652 0.999999
0.702933 -0.923878
-0.551833 0.707106
0.306280 -0.382683
0.000000 0.000000
-0.322001 0.382683
0.609957 -0.707104
-0.816935 0.923876
0.906355 -0.999994
-0.858250 0.923871
0.673233 -0.707096
-0.373417 0.382670
0.000000 0.000000
0.392193 -0.382683
-0.742698 0.707108
0.994540 -0.923881
-1.103330 1.000001
1.044830 -0.923880
-0.819733 0.707108
0.454803 -0.382684
0.000000 0.000000
-0.478148 0.382684
0.906074 -0.707108
-1.214276 0.923881
1.348344 -1.000001
-1.278197 0.923881
1.004014 -0.707108
-0.557784 0.382685
0.000000 0.000000
0.588227 -0.382684
-1.116643 0.707108
1.499361 -0.923881
-1.668399 1.000001
1.585196 -0.923880
-1.248218 0.707108
0.695290 -0.382684
0.000000 0.000000
-0.737581 0.382684
1.404778 -0.707108
-1.892921 0.923881
2.114319 -1.000002
-2.017051 0.923881
1.595201 -0.707109
-0.892726 0.382686
0.000000 0.000000
0.956929 -0.382683
-1.833106 0.707106
2.485482 -0.923879
-2.794814 1.000000
2.685521 -0.923878
-2.140443 0.707106
1.207971 -0.382683
0.000000 0.000000
-1.319622 0.382683
2.555156 -0.707107
-3.505258 0.923879
3.992224 -0.999999
-3.890273 0.923879
3.148888 -0.707106
-1.807652 0.382684
0.000000 0.000000
2.055389 -0.382683
-4.075157 0.707105
5.741900 -0.923877
-6.741453 0.999999
6.802423 -0.923877
-5.733071 0.707105
3.450773 -0.382683
0.000000 0.000000
-4.443871 0.382683
9.586013 -0.707105
-15.037992 0.923877
20.355465 -0.999995
-25.083485 0.923871
28.804337 -0.707096
-31.182285 0.382671
