2 256
160.000000 0.000000
-158.965927 -1.950911
155.887939 3.826842
-150.838257 -5.555705
143.934906 7.071074
-135.338379 -8.314715
125.247292 9.238799
-113.892700 -9.807847
101.531708 9.999995
-88.440369 -9.807846
74.906174 9.238791
-61.220169 -8.314696
47.669266 7.071071
-34.528633 -5.555710
22.054600 3.826838
-10.478292 -1.950906
0.000000 0.000000
9.215338 1.950904
-17.041660 -3.826838
23.393955 5.555704
-28.229277 -7.071077
31.546469 8.314712
-33.384697 -9.238809
33.820793 9.807871
-32.965565 -10.000017
30.959255 9.807875
-27.966209 -9.238815
24.169012 8.314715
-19.762280 -7.071092
14.946281 5.555729
-9.920658 -3.826858
4.878339 1.950923
0.000000 0.000000
-4.551112 -1.950903
8.633201 3.826840
-12.129461 -5.555708
14.950515 7.071075
-17.035858 -8.314706
18.354328 9.238805
-18.903591 -9.807865
18.708679 10.000010
-17.819687 -9.807864
16.308750 9.238802
-14.266380 -8.314702
11.797363 7.071072
-9.016336 -5.555704
6.043235 3.826833
-2.998757 -1.950901
0.000000 0.000000
2.843563 1.950901
-5.433689 -3.826830
7.686375 5.555693
-9.534241 -7.071055
10.928203 8.314680
-11.838440 -9.238771
12.254550 9.807823
-12.185065 -9.999964
11.656266 9.807810
-10.710376 -9.238746
9.403265 8.314640
-7.801776 -7.071007
5.980667 5.555641
-4.019512 -3.826765
1.999453 1.950832
0.000000 0.000000
-1.903597 -1.950899
3.643450 3.826831
-5.160986 -5.555696
6.408844 7.071061
-7.352181 -8.314684
7.969440 9.238785
-8.252582 -9.807840
8.206787 9.999986
-7.849671 -9.807840
7.210028 9.238782
-6.326221 -8.314684
5.244261 7.071057
-4.015659 -5.555694
2.695161 3.826827
-1.338472 -1.950898
0.000000 0.000000
1.269201 1.950899
-2.423316 -3.826828
3.423324 5.555692
-4.238236 -7.071057
4.845948 8.314685
-5.233714 -9.238784
5.398187 9.807842
-5.345113 -9.999990
5.088663 9.807845
-4.650422 -9.238790
4.058153 8.314693
-3.344364 -7.071071
2.544693 5.555710
-1.696314 -3.826845
0.836278 1.950916
0.000000 0.000000
-0.780182 -1.950900
1.476175 3.826830
-2.065116 -5.555697
2.530071 7.071062
-2.860446 -8.314689
3.052088 9.238789
-3.107117 -9.807849
3.033471 9.999996
-2.844228 -9.807851
2.556723 9.238795
-2.191504 -8.314697
1.771212 7.071070
-1.319393 -5.555704
0.859344 3.826835
-0.413010 -1.950903
0.000000 0.000000
0.363229 1.950905
-0.664018 -3.826840
0.893921 5.555713
-1.048893 -7.071084
1.129269 8.314720
-1.139492 -9.238826
1.087669 9.807893
-0.984913 -10.000049
0.844604 9.807911
-0.681492 -9.238863
0.510818 8.314775
-0.347374 -7.071157
0.204628 5.555802
-0.093941 -3.826942
0.023941 1.951018
0.000000 0.000000
0.023941 -1.950902
-0.093941 3.826834
0.204620 -5.555701
-0.347382 7.071067
0.510826 -8.314694
-0.681496 9.238795
0.844604 -9.807853
-0.984917 10.000001
1.087666 -9.807854
-1.139492 9.238795
1.129269 -8.314696
-1.048895 7.071068
0.893919 -5.555701
-0.664020 3.826833
0.363230 -1.950901
0.000000 0.000000
-0.413009 1.950903
0.859344 -3.826835
-1.319392 5.555702
1.771208 -7.071068
-2.191500 8.314696
2.556715 -9.238797
-2.844218 9.807856
3.033460 -10.000004
-3.107104 9.807858
3.052077 -9.238800
-2.860437 8.314704
2.530061 -7.071078
-2.065107 5.555714
1.476166 -3.826847
-0.780176 1.950917
0.000000 0.000000
0.836284 -1.950902
-1.696317 3.826833
2.544694 -5.555701
-3.344363 7.071066
4.058153 -8.314692
-4.650415 9.238793
5.088655 -9.807854
-5.345105 10.000001
5.398177 -9.807853
-5.233707 9.238796
4.845945 -8.314696
-4.238234 7.071067
3.423325 -5.555700
-2.423319 3.826832
1.269203 -1.950900
0.000000 0.000000
-1.338470 1.950903
2.695163 -3.826833
-4.015661 5.555700
5.244268 -7.071063
-6.326232 8.314690
7.210041 -9.238785
-7.849689 9.807838
8.206813 -9.999981
-8.252610 9.807829
7.969474 -9.238763
-7.352224 8.314661
6.408893 -7.071023
-5.161041 5.555650
3.643513 -3.826778
-1.903666 1.950836
0.000000 0.000000
1.999385 -1.950906
-4.019449 3.826837
5.980605 -5.555708
-7.801720 7.071073
9.403222 -8.314703
-10.710330 9.238806
11.656226 -9.807867
-12.185036 10.000014
12.254521 -9.807867
-11.838419 9.238809
10.928192 -8.314709
-9.534231 7.071078
7.686372 -5.555708
-5.433692 3.826838
2.843566 -1.950903
0.000000 0.000000
-2.998752 1.950907
6.043230 -3.826841
-9.016332 5.555712
11.797361 -7.071079
-14.266378 8.314708
16.308748 -9.238807
-17.819683 9.807865
18.708672 -10.000015
-18.903584 9.807864
18.354317 -9.238807
-17.035841 8.314711
14.950491 -7.071080
-12.129436 5.555713
8.633168 -3.826846
-4.551079 1.950916
0.000000 0.000000
4.878379 -1.950904
-9.920696 3.826831
14.946316 -5.555701
-19.762314 7.071064
24.169044 -8.314687
-27.966236 9.238791
30.959274 -9.807847
-32.965584 9.999996
33.820808 -9.807847
-33.384712 9.238791
31.546480 -8.314690
-28.229286 7.071060
23.393972 -5.555693
-17.041679 3.826827
9.215353 -1.950895
0.000000 0.000000
-10.478279 1.950903
22.054585 -3.826832
-34.528618 5.555701
47.669262 -7.071059
-61.220161 8.314680
74.906174 -9.238784
-88.440376 9.807834
101.531708 -9.999980
-113.892708 9.807831
125.247299 -9.238779
-135.338364 8.314671
143.934906 -7.071034
-150.838257 5.555655
155.887939 -3.826780
-158.965927 1.950848
