2 256
-0.000000 0.000000
-0.000000 0.000000
0.000000 0.000000
-0.000000 0.000000
128.000000 0.000005
0.000000 0.000000
-0.000000 0.000000
0.000000 0.000000
0.000000 0.000000
0.000000 -0.000000
-0.000000 -0.000000
0.000000 -0.000000
0.000002 0.000001
-0.000000 -0.000000
0.000000 -0.000000
-0.000000 -0.000000
-0.000000 0.000000
-0.000000 0.000000
0.000000 0.000000
-0.000000 0.000000
0.000001 -0.000000
0.000000 0.000000
-0.000000 0.000000
0.000000 0.000000
0.000000 0.000000
0.000000 -0.000000
-0.000000 -0.000000
0.000000 -0.000000
0.000024 -0.000012
-0.000000 -0.000000
0.000000 -0.000000
-0.000000 -0.000000
-0.000000 0.000000
-0.000000 0.000000
0.000000 0.000000
-0.000000 0.000000
0.000001 0.000001
0.000000 0.000000
-0.000000 0.000000
0.000000 0.000000
0.000000 0.000000
0.000000 -0.000000
-0.000000 -0.000000
0.000000 -0.000000
0.000001 -0.000000
-0.000000 -0.000000
0.000000 -0.000000
-0.000000 -0.000000
-0.000000 0.000000
-0.000000 0.000000
0.000000 0.000000
-0.000000 0.000000
0.000002 -0.000000
0.000000 0.000000
-0.000000 0.000000
0.000000 0.000000
0.000000 0.000000
0.000000 -0.000000
-0.000000 -0.000000
0.000000 -0.000000
-0.000045 0.000046
-0.000000 -0.000000
0.000000 -0.000000
-0.000000 -0.000000
-0.000000 0.000000
-0.000000 0.000000
0.000000 0.000000
-0.000000 0.000000
0.000003 0.000000
0.000000 0.000000
-0.000000 0.000000
0.000000 0.000000
0.000000 0.000000
0.000000 -0.000000
-0.000000 -0.000000
0.000000 -0.000000
0.000000 -0.000000
-0.000000 -0.000000
0.000000 -0.000000
-0.000000 -0.000000
-0.000000 0.000000
-0.000000 0.000000
0.000000 0.000000
-0.000000 0.000000
0.000001 -0.000000
0.000000 0.000000
-0.000000 0.000000
0.000000 0.000000
0.000000 0.000000
0.000000 -0.000000
-0.000000 -0.000000
0.000000 -0.000000
0.000005 -0.000012
-0.000000 -0.000000
0.000000 -0.000000
-0.000000 -0.000000
-0.000000 0.000000
-0.000000 0.000000
0.000000 0.000000
-0.000000 0.000000
0.000003 -0.000001
0.000000 0.000000
-0.000000 0.000000
0.000000 0.000000
0.000000 0.000000
0.000000 -0.000000
-0.000000 -0.000000
0.000000 -0.000000
0.000000 -0.000000
-0.000000 -0.000000
0.000000 -0.000000
-0.000000 -0.000000
-0.000000 0.000000
-0.000000 0.000000
0.000000 0.000000
-0.000000 0.000000
-0.000001 -0.000001
0.000000 0.000000
-0.000000 0.000000
0.000000 0.000000
0.000000 0.000000
0.000000 -0.000000
-0.000000 -0.000000
0.000000 -0.000000
0.000004 -0.000079
-0.000000 -0.000000
0.000000 -0.000000
-0.000000 -0.000000
-0.000000 0.000000
-0.000000 0.000000
0.000000 0.000000
-0.000000 0.000000
0.000000 -0.000001
0.000000 0.000000
-0.000000 0.000000
0.000000 0.000000
0.000000 0.000000
0.000000 -0.000000
-0.000000 -0.000000
0.000000 -0.000000
-0.000000 0.000000
-0.000000 -0.000000
0.000000 -0.000000
-0.000000 -0.000000
-0.000000 0.000000
-0.000000 0.000000
0.000000 0.000000
-0.000000 0.000000
0.000000 -0.000001
0.000000 0.000000
-0.000000 0.000000
0.000000 0.000000
0.000000 0.000000
0.000000 -0.000000
-0.000000 -0.000000
0.000000 -0.000000
-0.000002 -0.000009
-0.000000 -0.000000
0.000000 -0.000000
-0.000000 -0.000000
-0.000000 0.000000
-0.000000 0.000000
0.000000 0.000000
-0.000000 0.000000
-0.000000 -0.000002
0.000000 0.000000
-0.000000 0.000000
0.000000 0.000000
0.000000 0.000000
0.000000 -0.000000
-0.000000 -0.000000
0.000000 -0.000000
0.000001 -0.000000
-0.000000 -0.000000
0.000000 -0.000000
-0.000000 -0.000000
-0.000000 0.000000
-0.000000 0.000000
0.000000 0.000000
-0.000000 0.000000
-0.000000 -0.000000
0.000000 0.000000
-0.000000 0.000000
0.000000 0.000000
0.000000 0.000000
0.000000 -0.000000
-0.000000 -0.000000
0.000000 -0.000000
0.000045 0.000045
-0.000000 -0.000000
0.000000 -0.000000
-0.000000 -0.000000
-0.000000 0.000000
-0.000000 0.000000
0.000000 0.000000
-0.000000 0.000000
0.000001 0.000000
0.000000 0.000000
-0.000000 0.000000
0.000000 0.000000
0.000000 0.000000
0.000000 -0.000000
-0.000000 -0.000000
0.000000 -0.000000
0.000000 -0.000001
-0.000000 -0.000000
0.000000 -0.000000
-0.000000 -0.000000
-0.000000 0.000000
-0.000000 0.000000
0.000000 0.000000
-0.000000 0.000000
-0.000001 0.000000
0.000000 0.000000
-0.000000 0.000000
0.000000 0.000000
0.000000 0.000000
0.000000 -0.000000
-0.000000 -0.000000
0.000000 -0.000000
-0.000027 -0.000008
-0.000000 -0.000000
0.000000 -0.000000
-0.000000 -0.000000
-0.000000 0.000000
-0.000000 0.000000
0.000000 0.000000
-0.000000 0.000000
-0.000000 0.000000
0.000000 0.000000
-0.000000 0.000000
0.000000 0.000000
0.000000 0.000000
0.000000 -0.000000
-0.000000 -0.000000
0.000000 -0.000000
-0.000000 -0.000002
-0.000000 -0.000000
0.000000 -0.000000
-0.000000 -0.000000
-0.000000 0.000000
-0.000000 0.000000
0.000000 0.000000
-0.000000 0.000000
-0.000002 -0.000000
0.000000 0.000000
-0.000000 0.000000
0.000000 0.000000
0.000000 0.000000
0.000000 -0.000000
-0.000000 -0.000000
0.000000 -0.000000
128.000000 0.000032
-0.000000 -0.000000
0.000000 -0.000000
-0.000000 -0.000000
