100
100.21
100.238
100.192
100.165
100.192
100.238
100.21
100
100.21
100.238
100.192
100.165
100.192
100.238
100.21
100
100.21
100.238
100.192
100.165
100.192
100.238
100.21
100
100.21
100.238
100.192
100.165
100.192
100.238
100.21
100
100.21
100.238
100.192
100.165
100.192
100.238
100.21
100
100.21
100.238
100.192
100.165
100.192
100.238
100.21
100
100.21
100.238
100.192
100.165
100.192
100.238
100.21
100
100.21
100.238
100.192
100.165
100.192
100.238
100.21
100
100.21
100.238
100.192
100.165
100.192
100.238
100.21
100
100.21
100.238
100.192
100.165
100.192
100.238
100.21
100
100.21
100.238
100.192
100.165
100.192
100.238
100.21
100
100.21
100.238
100.192
100.165
100.192
100.238
100.21
100
100.566
101.021
101.481
101.969
102.36
102.386
101.7
100
97.8457
94.8235
91.5063
88.7063
87.3587
88.3704
92.4572
100
111.626
126.205
142.772
159.904
175.868
188.858
197.276
200
197.276
188.858
175.868
159.904
142.772
126.205
111.626
100
92.4572
88.3704
87.3587
88.7063
91.5063
94.8235
97.8457
100
101.7
102.386
102.36
101.969
101.481
101.021
100.566
100
100.21
100.238
100.192
100.165
100.192
100.238
100.21
100
100.21
100.238
100.192
100.165
100.192
100.238
100.21
100
100.21
100.238
100.192
100.165
100.192
100.238
100.21
100
100.21
100.238
100.192
100.165
100.192
100.238
100.21
100
100.21
100.238
100.192
100.165
100.192
100.238
100.21
100
100.21
100.238
100.192
100.165
100.192
100.238
100.21
100
100.21
100.238
100.192
100.165
100.192
100.238
100.21
100
100.21
100.238
100.192
100.165
100.192
100.238
100.21
100
100.21
100.238
100.192
100.165
100.192
100.238
100.21
100
100.21
100.238
100.192
100.165
100.192
100.238
100.21
100
100.21
100.238
100.192
100.165
100.192
100.238
100.21
100
100.21
100.238
100.192
100.165
100.192
100.238
100.21
100
100.21
100.238
100.192
100.165
100.192
100.238
100.21
100
100.21
100.238
100.192
100.165
100.192
100.238
100.21
