127.5
217.6561146
255
217.6561146
127.5
37.3438854
0
37.3438854
127.5
217.6561146
255
217.6561146
127.5
37.3438854
0
37.3438854
127.5
217.6561146
255
217.6561146
127.5
37.3438854
0
37.3438854
127.5
217.6561146
255
217.6561146
127.5
37.3438854
0
37.3438854
127.5
217.6561146
255
217.6561146
127.5
37.3438854
0
37.3438854
127.5
217.6561146
255
217.6561146
127.5
37.3438854
0
37.3438854
127.5
217.6561146
255
217.6561146
127.5
37.3438854
0
37.3438854
127.5
217.6561146
255
217.6561146
127.5
37.3438854
0
37.3438854
127.5
217.6561146
255
217.6561146
127.5
37.3438854
0
37.3438854
127.5
217.6561146
255
217.6561146
127.5
37.3438854
0
37.3438854
127.5
217.6561146
255
217.6561146
127.5
37.3438854
0
37.3438854
127.5
217.6561146
255
217.6561146
127.5
37.3438854
0
37.3438854
127.5
217.6561146
255
217.6561146
127.5
37.3438854
0
37.3438854
127.5
217.6561146
255
217.6561146
127.5
37.3438854
0
37.3438854
127.5
217.6561146
255
217.6561146
127.5
37.3438854
0
37.3438854
127.5
217.6561146
255
217.6561146
127.5
37.3438854
0
37.3438854