100
99.9042
99.6972
99.506
99.4299
99.506
99.6972
99.9042
100
99.9042
99.6972
99.506
99.4299
99.506
99.6972
99.9042
100
99.9042
99.6972
99.506
99.4299
99.506
99.6972
99.9042
100
99.9042
99.6972
99.506
99.4299
99.506
99.6972
99.9042
100
99.9042
99.6972
99.506
99.4299
99.506
99.6972
99.9042
100
99.9042
99.6972
99.506
99.4299
99.506
99.6972
99.9042
100
99.9042
99.6972
99.506
99.4299
99.506
99.6972
99.9042
100
99.9042
99.6972
99.506
99.4299
99.506
99.6972
99.9042
100
99.9042
99.6972
99.506
99.4299
99.506
99.6972
99.9042
100
99.9042
99.6972
99.506
99.4299
99.506
99.6972
99.9042
100
99.9042
99.6972
99.506
99.4299
99.506
99.6972
99.9042
100
99.9042
99.6972
99.506
99.4299
99.506
99.6972
99.9042
100
100.088
100.433
101.066
101.862
102.537
102.699
101.948
100
96.8474
92.918
88.9621
85.9204
84.7795
86.41
91.4129
100
111.958
126.716
143.271
160.223
175.927
188.704
197.076
200
197.076
188.704
175.927
160.223
143.271
126.716
111.958
100
91.4129
86.41
84.7795
85.9204
88.9621
92.918
96.8474
100
101.948
102.699
102.537
101.862
101.066
100.433
100.088
100
99.9042
99.6972
99.506
99.4299
99.506
99.6972
99.9042
100
99.9042
99.6972
99.506
99.4299
99.506
99.6972
99.9042
100
99.9042
99.6972
99.506
99.4299
99.506
99.6972
99.9042
100
99.9042
99.6972
99.506
99.4299
99.506
99.6972
99.9042
100
99.9042
99.6972
99.506
99.4299
99.506
99.6972
99.9042
100
99.9042
99.6972
99.506
99.4299
99.506
99.6972
99.9042
100
99.9042
99.6972
99.506
99.4299
99.506
99.6972
99.9042
100
99.9042
99.6972
99.506
99.4299
99.506
99.6972
99.9042
100
99.9042
99.6972
99.506
99.4299
99.506
99.6972
99.9042
100
99.9042
99.6972
99.506
99.4299
99.506
99.6972
99.9042
100
99.9042
99.6972
99.506
99.4299
99.506
99.6972
99.9042
100
99.9042
99.6972
99.506
99.4299
99.506
99.6972
99.9042
100
99.9042
99.6972
99.506
99.4299
99.506
99.6972
99.9042
100
99.9042
99.6972
99.506
99.4299
99.506
99.6972
99.9042
